HighBP: 0.27042471134991786
HighChol: 0.21626549449157814
CholCheck: -0.052124586850226855
BMI: 0.023679827564475963
Smoker: -0.020908340575292325
Stroke: 0.027489696033621825
HeartDiseaseorAttack: 0.09739387404383708
PhysActivity: -0.11140695899570766
Fruits: -0.07595947781373123
Veggies: -0.09099597288759928
HvyAlcoholConsump: -0.044669091091320175
AnyHealthcare: -0.06660556224776107
NoDocbcCost: -0.020112406221992337
GenHlth: 0.2735146540805593
MentHlth: -0.010776870345876134
PhysHlth: 0.006003015956044372
DiffWalk: 0.07611697804273644
Sex: 0.0682370190809182
Age: 0.09845329427747039
Education: -0.29393615455418187
Income: -0.15674055597361003
