HighBP: 0.27161550627413783
HighChol: 0.21834626826982295
CholCheck: -0.05157991194806306
BMI: 0.04085302362082492
Smoker: -0.02071580117636432
Stroke: 0.028191333408268085
HeartDiseaseorAttack: 0.09817547658958621
PhysActivity: -0.1105526971609601
Fruits: -0.07572203204180092
Veggies: -0.09100911241067394
HvyAlcoholConsump: -0.0448191608996188
AnyHealthcare: -0.06611492912089742
NoDocbcCost: -0.020295474607257315
GenHlth: 0.27662558414978394
MentHlth: -0.009817133798025261
PhysHlth: 0.006831686725569282
DiffWalk: 0.07636679511532767
Sex: 0.06948539388964896
Age: 0.10474431926241662
Education: -0.29045887740293697
Income: -0.15231133486214457
